# Code: cgiSensePlot.c v4.0 (sll - 13 February 2009 Build)
# from WWW Sensitivity Curve Generator located at:
#   http://www.srl.caltech.edu/~shane/sensitivity/MakeCurve.html
# EQUAL ARM Space Based Observatory Sensitivity Curve
# Polarization and All Sky Averaged
# 
# For this data file:
# SNR = 1.000000 
# Armlength = 2.500000e+09 	meters
# Optics diameter = 0.300000 	meters
# Wavelength = 1064.000000 	nanometers
# Laser power = 2.000000 Watts
# Optical train efficiency = 0.300000 
# Accleration noise = 3.000000e-15 m/(s^2 root Hz)
# Position noise = 2.000000e-11 m/(root Hz)
# Sensitivity Floor Set by Position Noise Budget
# Output Curve type is Root Spectral Density, per root Hz
# Astrophysical Noise is No White Dwarf Noise
#
#
#
# f [Hz] 	 hf [Hz^(-1/2)]
1.953007e-07    4.115269e-12
1.998512e-07    3.929997e-12
2.045077e-07    3.753070e-12
2.092727e-07    3.584104e-12
2.141488e-07    3.422744e-12
2.191385e-07    3.268650e-12
2.242444e-07    3.121494e-12
2.294693e-07    2.980965e-12
2.348160e-07    2.846757e-12
2.402872e-07    2.718595e-12
2.458859e-07    2.596202e-12
2.516150e-07    2.479322e-12
2.574776e-07    2.367701e-12
2.634769e-07    2.261105e-12
2.696159e-07    2.159309e-12
2.758979e-07    2.062097e-12
2.823264e-07    1.969259e-12
2.889046e-07    1.880603e-12
2.956360e-07    1.795938e-12
3.025243e-07    1.715084e-12
3.095731e-07    1.637870e-12
3.167862e-07    1.564132e-12
3.241673e-07    1.493714e-12
3.317203e-07    1.426467e-12
3.394495e-07    1.362246e-12
3.473587e-07    1.300917e-12
3.554520e-07    1.242350e-12
3.637341e-07    1.186418e-12
3.722092e-07    1.133005e-12
3.808816e-07    1.081997e-12
3.897561e-07    1.033285e-12
3.988375e-07    9.867654e-13
4.081304e-07    9.423409e-13
4.176398e-07    8.999161e-13
4.273709e-07    8.594012e-13
4.373287e-07    8.207103e-13
4.475184e-07    7.837618e-13
4.579455e-07    7.484767e-13
4.686158e-07    7.147795e-13
4.795345e-07    6.825998e-13
4.907077e-07    6.518688e-13
5.021411e-07    6.225214e-13
5.138410e-07    5.944951e-13
5.258135e-07    5.677307e-13
5.380650e-07    5.421712e-13
5.506018e-07    5.177626e-13
5.634308e-07    4.944527e-13
5.765589e-07    4.721920e-13
5.899927e-07    4.509336e-13
6.037395e-07    4.306324e-13
6.178066e-07    4.112452e-13
6.322015e-07    3.927307e-13
6.469318e-07    3.750497e-13
6.620052e-07    3.581649e-13
6.774301e-07    3.420400e-13
6.932140e-07    3.266414e-13
7.093660e-07    3.119357e-13
7.258941e-07    2.978923e-13
7.428076e-07    2.844810e-13
7.601150e-07    2.716735e-13
7.778256e-07    2.594426e-13
7.959489e-07    2.477624e-13
8.144946e-07    2.366080e-13
8.334723e-07    2.259558e-13
8.528923e-07    2.157831e-13
8.727645e-07    2.060685e-13
8.931000e-07    1.967912e-13
9.139092e-07    1.879316e-13
9.352033e-07    1.794708e-13
9.569935e-07    1.713910e-13
9.792915e-07    1.636748e-13
1.002109e-06    1.563061e-13
1.025458e-06    1.492691e-13
1.049351e-06    1.425490e-13
1.073801e-06    1.361313e-13
1.098821e-06    1.300026e-13
1.124423e-06    1.241499e-13
1.150622e-06    1.185606e-13
1.177432e-06    1.132229e-13
1.204866e-06    1.081256e-13
1.232939e-06    1.032577e-13
1.261667e-06    9.860897e-14
1.291064e-06    9.416955e-14
1.321146e-06    8.992998e-14
1.351928e-06    8.588130e-14
1.383428e-06    8.201489e-14
1.415662e-06    7.832254e-14
1.448647e-06    7.479641e-14
1.482400e-06    7.142904e-14
1.516940e-06    6.821326e-14
1.552285e-06    6.514228e-14
1.588453e-06    6.220954e-14
1.625464e-06    5.940883e-14
1.663337e-06    5.673422e-14
1.702093e-06    5.418001e-14
1.741752e-06    5.174081e-14
1.782335e-06    4.941141e-14
1.823863e-06    4.718689e-14
1.866359e-06    4.506251e-14
1.909845e-06    4.303377e-14
1.954345e-06    4.109637e-14
1.999881e-06    3.924621e-14
2.046478e-06    3.747933e-14
2.094161e-06    3.579200e-14
2.142956e-06    3.418057e-14
2.192885e-06    3.264179e-14
2.243981e-06    3.117221e-14
2.296265e-06    2.976883e-14
2.349767e-06    2.842865e-14
2.404517e-06    2.714876e-14
2.460543e-06    2.592651e-14
2.517873e-06    2.475929e-14
2.576540e-06    2.364461e-14
2.636573e-06    2.258012e-14
2.698005e-06    2.156356e-14
2.760868e-06    2.059276e-14
2.825197e-06    1.966565e-14
2.891025e-06    1.878029e-14
2.958385e-06    1.793480e-14
3.027315e-06    1.712736e-14
3.097853e-06    1.635627e-14
3.170032e-06    1.561991e-14
3.243894e-06    1.491669e-14
3.319476e-06    1.424514e-14
3.396820e-06    1.360382e-14
3.475967e-06    1.299136e-14
3.556956e-06    1.240649e-14
3.639834e-06    1.184794e-14
3.724642e-06    1.131454e-14
3.811425e-06    1.080516e-14
3.900231e-06    1.031870e-14
3.991108e-06    9.854144e-15
4.084100e-06    9.410511e-15
4.179259e-06    8.986844e-15
4.276637e-06    8.582249e-15
4.376282e-06    8.195875e-15
4.478249e-06    7.826893e-15
4.582593e-06    7.474521e-15
4.689368e-06    7.138012e-15
4.798630e-06    6.816656e-15
4.910438e-06    6.509768e-15
5.024851e-06    6.216695e-15
5.141930e-06    5.936816e-15
5.261736e-06    5.669538e-15
5.384335e-06    5.414292e-15
5.509789e-06    5.170540e-15
5.638169e-06    4.937757e-15
5.769537e-06    4.715458e-15
5.903967e-06    4.503167e-15
6.041531e-06    4.300430e-15
6.182299e-06    4.106822e-15
6.326346e-06    3.921932e-15
6.473750e-06    3.745364e-15
6.624587e-06    3.576747e-15
6.778940e-06    3.415720e-15
6.936889e-06    3.261943e-15
7.098519e-06    3.115088e-15
7.263915e-06    2.974845e-15
7.433164e-06    2.840916e-15
7.606356e-06    2.713017e-15
7.783585e-06    2.590875e-15
7.964942e-06    2.474233e-15
8.150526e-06    2.362841e-15
8.340433e-06    2.256465e-15
8.534765e-06    2.154878e-15
8.733625e-06    2.057865e-15
8.937119e-06    1.965218e-15
9.145354e-06    1.876743e-15
9.358440e-06    1.792251e-15
9.576492e-06    1.711563e-15
9.799623e-06    1.634508e-15
1.002796e-05    1.560922e-15
1.026161e-05    1.490648e-15
1.050070e-05    1.423538e-15
1.074537e-05    1.359450e-15
1.099573e-05    1.298247e-15
1.125194e-05    1.239799e-15
1.151411e-05    1.183983e-15
1.178238e-05    1.130679e-15
1.205691e-05    1.079776e-15
1.233784e-05    1.031164e-15
1.262531e-05    9.847401e-16
1.291948e-05    9.404065e-16
1.322051e-05    8.980689e-16
1.352854e-05    8.576374e-16
1.384376e-05    8.190262e-16
1.416632e-05    7.821532e-16
1.449639e-05    7.469404e-16
1.483416e-05    7.133126e-16
1.517980e-05    6.811989e-16
1.553348e-05    6.505311e-16
1.589541e-05    6.212439e-16
1.626578e-05    5.932752e-16
1.664477e-05    5.665655e-16
1.703259e-05    5.410585e-16
1.742945e-05    5.166998e-16
1.783556e-05    4.934377e-16
1.825113e-05    4.712229e-16
1.867638e-05    4.500082e-16
1.911155e-05    4.298258e-16
1.955685e-05    4.101898e-16
2.001251e-05    3.921050e-16
2.047880e-05    3.743645e-16
2.095596e-05    3.575259e-16
2.144424e-05    3.413308e-16
2.194387e-05    3.259805e-16
2.245517e-05    3.114245e-16
2.297838e-05    2.972189e-16
2.351378e-05    2.838599e-16
2.406165e-05    2.712117e-16
2.462228e-05    2.589264e-16
2.519599e-05    2.472612e-16
2.578305e-05    2.361342e-16
2.638380e-05    2.254588e-16
2.699854e-05    2.153595e-16
2.762760e-05    2.056270e-16
2.827133e-05    1.963753e-16
2.893006e-05    1.875182e-16
2.960412e-05    1.791081e-16
3.029390e-05    1.710155e-16
3.099973e-05    1.633423e-16
3.172204e-05    1.559872e-16
3.246116e-05    1.489379e-16
3.321751e-05    1.422554e-16
3.399148e-05    1.358437e-16
3.478347e-05    1.297325e-16
3.559393e-05    1.238898e-16
3.642327e-05    1.183100e-16
3.727194e-05    1.129914e-16
3.814036e-05    1.079063e-16
3.902903e-05    1.030470e-16
3.993841e-05    9.840595e-17
4.086898e-05    9.397523e-17
4.182122e-05    8.974510e-17
4.279566e-05    8.570478e-17
4.379280e-05    8.184773e-17
4.481318e-05    7.816299e-17
4.585732e-05    7.464493e-17
4.692580e-05    7.128413e-17
4.801916e-05    6.807446e-17
4.913800e-05    6.500795e-17
5.028294e-05    6.208181e-17
5.145453e-05    5.928775e-17
5.265342e-05    5.661770e-17
5.388024e-05    5.406862e-17
5.513564e-05    5.163464e-17
5.642030e-05    4.931000e-17
5.773490e-05    4.708949e-17
5.908011e-05    4.497018e-17
6.045668e-05    4.294520e-17
6.186534e-05    4.101202e-17
6.330680e-05    3.916540e-17
6.478183e-05    3.740212e-17
6.629126e-05    3.571849e-17
6.783584e-05    3.411021e-17
6.941641e-05    3.257479e-17
7.103382e-05    3.110826e-17
7.268891e-05    2.970761e-17
7.438256e-05    2.837022e-17
7.611567e-05    2.709303e-17
7.788918e-05    2.587330e-17
7.970398e-05    2.470845e-17
8.156109e-05    2.359605e-17
8.346146e-05    2.253372e-17
8.540612e-05    2.151928e-17
8.739608e-05    2.055044e-17
8.943241e-05    1.962525e-17
9.151618e-05    1.874173e-17
9.364851e-05    1.789796e-17
9.583052e-05    1.709219e-17
9.806338e-05    1.632268e-17
1.003482e-04    1.558786e-17
1.026864e-04    1.488605e-17
1.050790e-04    1.421589e-17
1.075273e-04    1.357587e-17
1.100327e-04    1.296468e-17
1.125964e-04    1.238101e-17
1.152199e-04    1.182361e-17
1.179046e-04    1.129130e-17
1.206517e-04    1.078296e-17
1.234629e-04    1.029751e-17
1.263396e-04    9.833908e-18
1.292833e-04    9.391183e-18
1.322956e-04    8.968386e-18
1.353781e-04    8.564623e-18
1.385324e-04    8.179043e-18
1.417602e-04    7.810818e-18
1.450632e-04    7.459172e-18
1.484432e-04    7.123359e-18
1.519019e-04    6.802663e-18
1.554413e-04    6.496403e-18
1.590630e-04    6.203935e-18
1.627692e-04    5.924632e-18
1.665617e-04    5.657905e-18
1.704426e-04    5.403185e-18
1.744139e-04    5.159933e-18
1.784778e-04    4.927632e-18
1.826363e-04    4.705790e-18
1.868917e-04    4.493935e-18
1.912464e-04    4.291616e-18
1.957023e-04    4.098415e-18
2.002621e-04    3.913905e-18
2.049283e-04    3.737700e-18
2.097031e-04    3.569432e-18
2.145891e-04    3.408739e-18
2.195891e-04    3.255279e-18
2.247055e-04    3.108729e-18
2.299412e-04    2.968776e-18
2.352989e-04    2.835125e-18
2.407814e-04    2.707492e-18
2.463915e-04    2.585606e-18
2.521324e-04    2.469207e-18
2.580071e-04    2.358049e-18
2.640188e-04    2.251893e-18
2.701704e-04    2.150519e-18
2.764653e-04    2.053710e-18
2.829070e-04    1.961258e-18
2.894987e-04    1.872970e-18
2.962440e-04    1.788657e-18
3.031465e-04    1.708141e-18
3.102098e-04    1.631249e-18
3.174378e-04    1.557819e-18
3.248339e-04    1.487697e-18
3.324026e-04    1.420732e-18
3.401477e-04    1.356781e-18
3.480731e-04    1.295712e-18
3.561832e-04    1.237391e-18
3.644823e-04    1.181698e-18
3.729747e-04    1.128512e-18
3.816651e-04    1.077722e-18
3.905577e-04    1.029219e-18
3.996578e-04    9.829005e-19
4.089697e-04    9.386686e-19
4.184987e-04    8.964288e-19
4.282498e-04    8.560912e-19
4.382280e-04    8.175709e-19
4.484387e-04    7.807861e-19
4.588874e-04    7.456581e-19
4.695794e-04    7.121132e-19
4.805206e-04    6.800793e-19
4.917167e-04    6.494893e-19
5.031738e-04    6.202773e-19
5.148976e-04    5.923827e-19
5.268949e-04    5.657446e-19
5.391715e-04    5.403076e-19
5.517341e-04    5.160177e-19
5.645896e-04    4.928227e-19
5.777444e-04    4.706741e-19
5.912059e-04    4.495243e-19
6.049810e-04    4.293287e-19
6.190771e-04    4.100443e-19
6.335016e-04    3.916302e-19
6.482622e-04    3.740474e-19
6.633666e-04    3.572588e-19
6.788231e-04    3.412282e-19
6.946397e-04    3.259220e-19
7.108249e-04    3.113075e-19
7.273870e-04    2.973540e-19
7.443352e-04    2.840315e-19
7.616783e-04    2.713119e-19
7.794252e-04    2.591683e-19
7.975859e-04    2.475747e-19
8.161697e-04    2.365066e-19
8.351864e-04    2.259406e-19
8.546462e-04    2.158542e-19
8.745595e-04    2.062259e-19
8.949368e-04    1.970353e-19
9.157887e-04    1.882630e-19
9.371265e-04    1.798903e-19
9.589617e-04    1.718993e-19
9.813056e-04    1.642732e-19
1.004170e-03    1.569958e-19
1.027567e-03    1.500516e-19
1.051509e-03    1.434257e-19
1.076010e-03    1.371043e-19
1.101081e-03    1.310738e-19
1.126736e-03    1.253214e-19
1.152989e-03    1.198348e-19
1.179853e-03    1.146025e-19
1.207344e-03    1.096133e-19
1.235475e-03    1.048564e-19
1.264262e-03    1.003219e-19
1.293719e-03    9.600005e-20
1.323863e-03    9.188159e-20
1.354709e-03    8.795775e-20
1.386273e-03    8.422012e-20
1.418573e-03    8.066070e-20
1.451626e-03    7.727184e-20
1.485449e-03    7.404626e-20
1.520060e-03    7.097700e-20
1.555477e-03    6.805743e-20
1.591720e-03    6.528118e-20
1.628807e-03    6.264223e-20
1.666758e-03    6.013477e-20
1.705594e-03    5.775330e-20
1.745334e-03    5.549253e-20
1.786000e-03    5.334742e-20
1.827614e-03    5.131313e-20
1.870198e-03    4.938503e-20
1.913773e-03    4.755868e-20
1.958364e-03    4.582982e-20
2.003994e-03    4.419440e-20
2.050688e-03    4.264839e-20
2.098468e-03    4.118815e-20
2.147363e-03    3.980991e-20
2.197395e-03    3.851025e-20
2.248596e-03    3.728567e-20
2.300987e-03    3.613298e-20
2.354600e-03    3.504893e-20
2.409463e-03    3.403043e-20
2.465604e-03    3.307451e-20
2.523051e-03    3.217831e-20
2.581840e-03    3.133889e-20
2.641995e-03    3.055363e-20
2.703555e-03    2.981975e-20
2.766546e-03    2.913474e-20
2.831007e-03    2.849602e-20
2.896970e-03    2.790118e-20
2.964469e-03    2.734783e-20
3.033541e-03    2.683368e-20
3.104224e-03    2.635650e-20
3.176552e-03    2.591417e-20
3.250565e-03    2.550461e-20
3.326303e-03    2.512582e-20
3.403807e-03    2.477590e-20
3.483114e-03    2.445304e-20
3.564271e-03    2.415548e-20
3.647319e-03    2.388156e-20
3.732301e-03    2.362970e-20
3.819263e-03    2.339841e-20
3.908253e-03    2.318626e-20
3.999315e-03    2.299192e-20
4.092499e-03    2.281413e-20
4.187855e-03    2.265171e-20
4.285431e-03    2.250354e-20
4.385282e-03    2.236860e-20
4.487460e-03    2.224590e-20
4.592017e-03    2.213456e-20
4.699012e-03    2.203373e-20
4.808499e-03    2.194263e-20
4.920536e-03    2.186055e-20
5.035185e-03    2.178682e-20
5.152505e-03    2.172083e-20
5.272558e-03    2.166201e-20
5.395408e-03    2.160985e-20
5.521122e-03    2.156387e-20
5.649763e-03    2.152363e-20
5.781403e-03    2.148875e-20
5.916109e-03    2.145886e-20
6.053955e-03    2.143362e-20
6.195011e-03    2.141276e-20
6.339356e-03    2.139599e-20
6.487064e-03    2.138307e-20
6.638212e-03    2.137380e-20
6.792882e-03    2.136798e-20
6.951155e-03    2.136544e-20
7.113118e-03    2.136603e-20
7.278853e-03    2.136963e-20
7.448452e-03    2.137611e-20
7.622001e-03    2.138539e-20
7.799592e-03    2.139738e-20
7.981323e-03    2.141202e-20
8.167287e-03    2.142927e-20
8.357586e-03    2.144909e-20
8.552317e-03    2.147146e-20
8.751586e-03    2.149636e-20
8.955498e-03    2.152380e-20
9.164160e-03    2.155379e-20
9.377686e-03    2.158635e-20
9.596187e-03    2.162154e-20
9.819778e-03    2.165938e-20
1.004858e-02    2.169994e-20
1.028271e-02    2.174329e-20
1.052230e-02    2.178951e-20
1.076747e-02    2.183869e-20
1.101835e-02    2.189093e-20
1.127508e-02    2.194634e-20
1.153779e-02    2.200505e-20
1.180662e-02    2.206720e-20
1.208171e-02    2.213294e-20
1.236321e-02    2.220242e-20
1.265128e-02    2.227583e-20
1.294605e-02    2.235335e-20
1.324770e-02    2.243520e-20
1.355636e-02    2.252160e-20
1.387223e-02    2.261277e-20
1.419545e-02    2.270898e-20
1.452621e-02    2.281051e-20
1.486467e-02    2.291765e-20
1.521101e-02    2.303073e-20
1.556543e-02    2.315008e-20
1.592811e-02    2.327607e-20
1.629923e-02    2.340910e-20
1.667900e-02    2.354961e-20
1.706762e-02    2.369804e-20
1.746530e-02    2.385490e-20
1.787224e-02    2.402072e-20
1.828866e-02    2.419607e-20
1.871479e-02    2.438158e-20
1.915084e-02    2.457794e-20
1.959706e-02    2.478585e-20
2.005368e-02    2.500612e-20
2.052093e-02    2.523961e-20
2.099905e-02    2.548724e-20
2.148833e-02    2.575004e-20
2.198901e-02    2.602910e-20
2.250136e-02    2.632564e-20
2.302563e-02    2.664097e-20
2.356214e-02    2.697654e-20
2.411113e-02    2.733392e-20
2.467293e-02    2.771484e-20
2.524780e-02    2.812122e-20
2.583607e-02    2.855515e-20
2.643806e-02    2.901895e-20
2.705406e-02    2.951517e-20
2.768443e-02    3.004664e-20
2.832946e-02    3.061650e-20
2.898955e-02    3.122824e-20
2.966500e-02    3.188572e-20
3.035619e-02    3.259326e-20
3.106350e-02    3.335566e-20
3.178727e-02    3.417829e-20
3.252792e-02    3.506714e-20
3.328582e-02    3.602891e-20
3.406137e-02    3.707107e-20
3.485502e-02    3.820200e-20
3.566714e-02    3.943100e-20
3.649818e-02    4.076841e-20
3.734858e-02    4.222571e-20
3.821880e-02    4.381543e-20
3.910930e-02    4.555122e-20
4.002055e-02    4.744763e-20
4.095303e-02    4.951982e-20
4.190724e-02    5.178283e-20
4.288367e-02    5.425067e-20
4.388286e-02    5.693454e-20
4.490534e-02    5.984026e-20
4.595162e-02    6.296447e-20
4.702229e-02    6.628940e-20
4.811793e-02    6.977597e-20
4.923906e-02    7.335589e-20
5.038634e-02    7.692418e-20
5.156034e-02    8.033498e-20
5.276169e-02    8.340560e-20
5.399105e-02    8.593330e-20
5.524903e-02    8.772655e-20
5.653634e-02    8.864499e-20
5.785363e-02    8.863445e-20
5.920163e-02    8.774154e-20
6.058103e-02    8.610083e-20
6.199256e-02    8.390124e-20
6.343698e-02    8.134676e-20
6.491507e-02    7.862522e-20
6.642758e-02    7.589091e-20
6.797535e-02    7.325981e-20
6.955917e-02    7.081292e-20
7.117990e-02    6.860321e-20
7.283840e-02    6.666335e-20
7.453553e-02    6.501248e-20
7.627220e-02    6.366164e-20
7.804936e-02    6.261797e-20
7.986791e-02    6.188774e-20
8.172883e-02    6.147860e-20
8.363311e-02    6.140138e-20
8.558177e-02    6.167145e-20
8.757581e-02    6.231002e-20
8.961632e-02    6.334521e-20
9.170440e-02    6.481296e-20
9.384110e-02    6.675773e-20
9.602760e-02    6.923224e-20
9.826505e-02    7.229567e-20
1.005546e-01    7.600850e-20
1.028976e-01    8.042109e-20
1.052951e-01    8.555143e-20
1.077484e-01    9.134666e-20
1.102590e-01    9.762462e-20
1.128280e-01    1.040060e-19
1.154569e-01    1.098775e-19
1.181470e-01    1.144655e-19
1.208999e-01    1.170769e-19
1.237168e-01    1.174210e-19
1.265994e-01    1.157712e-19
1.295492e-01    1.128236e-19
1.325677e-01    1.093901e-19
1.356565e-01    1.061626e-19
1.388173e-01    1.036357e-19
1.420518e-01    1.021390e-19
1.453616e-01    1.019047e-19
1.487485e-01    1.031316e-19
1.522143e-01    1.060331e-19
1.557609e-01    1.108663e-19
1.593902e-01    1.179317e-19
1.631039e-01    1.275116e-19
1.669043e-01    1.396621e-19
1.707931e-01    1.537257e-19
1.747726e-01    1.675671e-19
1.788448e-01    1.773413e-19
1.830119e-01    1.795007e-19
1.872761e-01    1.741312e-19
1.916396e-01    1.648909e-19
1.960674e-01    1.558072e-19
2.005975e-01    1.491713e-19
2.052324e-01    1.460874e-19
2.099743e-01    1.471270e-19
2.148256e-01    1.528064e-19
2.197892e-01    1.637384e-19
2.248674e-01    1.803305e-19
2.300630e-01    2.014867e-19
2.353785e-01    2.218857e-19
2.408169e-01    2.314774e-19
2.463810e-01    2.249429e-19
2.520736e-01    2.093754e-19
2.578977e-01    1.948307e-19
2.638563e-01    1.866269e-19
2.699528e-01    1.867524e-19
2.761901e-01    1.964715e-19
2.825713e-01    2.172119e-19
2.891002e-01    2.486933e-19
2.957797e-01    2.813092e-19
3.026138e-01    2.915004e-19
3.096055e-01    2.722354e-19
3.167591e-01    2.464651e-19
3.240778e-01    2.313400e-19
3.315655e-01    2.319685e-19
3.392262e-01    2.506157e-19
3.470640e-01    2.884792e-19
3.550829e-01    3.332900e-19
3.632872e-01    3.435232e-19
3.716807e-01    3.106447e-19
3.802684e-01    2.785477e-19
3.854081e-01    2.699334e-19
3.906171e-01    2.705163e-19
3.958964e-01    2.810614e-19
4.012470e-01    3.024353e-19
4.066701e-01    3.345340e-19
4.121665e-01    3.725283e-19
4.177372e-01    4.014536e-19
4.233830e-01    4.028386e-19
4.291054e-01    3.782129e-19
4.349049e-01    3.469928e-19
4.407828e-01    3.236146e-19
4.467403e-01    3.132945e-19
4.527781e-01    3.175731e-19
4.588977e-01    3.376194e-19
4.650998e-01    3.740039e-19
4.713860e-01    4.213213e-19
4.777571e-01    4.574247e-19
4.842140e-01    4.533389e-19
4.907586e-01    4.164484e-19
4.973914e-01    3.782774e-19
5.041138e-01    3.560271e-19
5.109273e-01    3.542106e-19
5.178326e-01    3.746247e-19
5.248314e-01    4.186222e-19
5.319248e-01    4.788649e-19
5.391141e-01    5.195193e-19
5.464003e-01    5.004486e-19
5.537852e-01    4.487938e-19
5.612699e-01    4.089977e-19
5.688558e-01    3.963707e-19
5.743108e-01    4.057585e-19
5.798181e-01    4.314054e-19
5.853782e-01    4.732222e-19
5.909916e-01    5.253115e-19
5.966588e-01    5.677976e-19
6.023804e-01    5.728929e-19
6.081570e-01    5.386846e-19
6.139889e-01    4.922762e-19
6.198766e-01    4.558344e-19
6.258209e-01    4.374747e-19
6.318221e-01    4.391963e-19
6.378809e-01    4.621900e-19
6.439978e-01    5.072828e-19
6.501735e-01    5.693671e-19
6.564081e-01    6.239925e-19
6.627026e-01    6.307687e-19
6.690577e-01    5.865717e-19
6.754734e-01    5.311567e-19
6.819508e-01    4.927434e-19
6.884904e-01    4.796044e-19
6.950926e-01    4.936452e-19
7.017582e-01    5.363250e-19
7.084875e-01    6.046374e-19
7.152815e-01    6.732607e-19
7.221406e-01    6.875300e-19
7.290655e-01    6.354594e-19
7.360569e-01    5.701606e-19
7.431153e-01    5.285985e-19
7.502412e-01    5.200904e-19
7.574356e-01    5.468634e-19
7.630694e-01    5.930380e-19
7.687452e-01    6.577679e-19
7.744634e-01    7.226236e-19
7.802239e-01    7.503636e-19
7.860272e-01    7.205162e-19
7.918738e-01    6.601208e-19
7.977639e-01    6.049995e-19
8.036978e-01    5.714207e-19
8.096757e-01    5.633982e-19
8.156981e-01    5.821160e-19
8.217655e-01    6.286434e-19
8.278778e-01    6.999378e-19
8.340357e-01    7.751213e-19
8.402394e-01    8.064960e-19
8.464891e-01    7.676149e-19
8.527854e-01    6.962864e-19
8.591286e-01    6.367028e-19
8.655188e-01    6.057930e-19
8.719566e-01    6.069940e-19
8.784424e-01    6.417803e-19
8.849763e-01    7.104557e-19
8.915589e-01    8.002447e-19
8.981905e-01    8.622337e-19
9.048713e-01    8.405943e-19
9.116018e-01    7.620586e-19
9.183824e-01    6.895533e-19
9.252134e-01    6.508836e-19
9.320953e-01    6.515315e-19
9.390284e-01    6.932776e-19
9.460129e-01    7.754733e-19
9.517622e-01    8.586416e-19
9.575464e-01    9.165830e-19
9.633659e-01    9.069149e-19
9.692205e-01    8.405068e-19
9.751108e-01    7.650076e-19
9.810370e-01    7.106895e-19
9.869991e-01    6.866154e-19
9.929975e-01    6.945571e-19
9.990325e-01    7.357377e-19
1.005104e+00    8.097955e-19
1.011212e+00    9.038414e-19
1.017358e+00    9.734170e-19
1.023541e+00    9.635666e-19
1.029761e+00    8.870100e-19
1.036019e+00    8.035371e-19
1.042316e+00    7.480211e-19
1.048650e+00    7.294691e-19
1.055023e+00    7.495967e-19
1.061435e+00    8.096883e-19
1.067886e+00    9.051926e-19
1.074376e+00    1.003979e-18
1.080905e+00    1.034667e-18
1.087474e+00    9.692496e-19
1.094083e+00    8.717868e-19
1.100732e+00    7.993965e-19
1.107422e+00    7.694596e-19
1.114152e+00    7.848261e-19
1.120923e+00    8.471449e-19
1.127736e+00    9.522001e-19
1.134589e+00    1.062468e-18
1.140419e+00    1.094576e-18
1.146279e+00    1.042187e-18
1.152169e+00    9.504800e-19
1.158089e+00    8.705680e-19
1.164040e+00    8.235317e-19
1.170021e+00    8.138997e-19
1.176033e+00    8.428318e-19
1.182076e+00    9.112177e-19
1.188150e+00    1.013026e-18
1.194255e+00    1.115443e-18
1.200392e+00    1.150881e-18
1.206560e+00    1.089294e-18
1.212760e+00    9.868689e-19
1.218991e+00    9.025846e-19
1.225255e+00    8.580580e-19
1.231550e+00    8.572443e-19
1.237879e+00    9.015079e-19
1.244239e+00    9.909148e-19
1.250633e+00    1.110457e-18
1.257059e+00    1.201606e-18
1.263518e+00    1.187265e-18
1.270011e+00    1.085701e-18
1.276536e+00    9.795567e-19
1.283095e+00    9.132703e-19
1.289688e+00    8.968098e-19
1.296316e+00    9.319497e-19
1.302976e+00    1.019580e-18
1.309671e+00    1.147204e-18
1.316401e+00    1.253838e-18
1.323165e+00    1.245190e-18
1.329055e+00    1.151284e-18
1.334970e+00    1.045924e-18
1.340912e+00    9.705353e-19
1.346881e+00    9.369721e-19
1.352876e+00    9.471894e-19
1.358898e+00    1.002413e-18
1.364946e+00    1.101560e-18
1.371022e+00    1.226455e-18
1.377124e+00    1.317245e-18
1.383254e+00    1.301917e-18
1.389411e+00    1.198124e-18
1.395595e+00    1.084733e-18
1.401807e+00    1.007877e-18
1.408046e+00    9.794051e-19
1.414314e+00    1.001169e-18
1.420609e+00    1.074443e-18
1.426932e+00    1.194487e-18
1.433283e+00    1.325900e-18
1.439663e+00    1.382196e-18
1.446071e+00    1.311896e-18
1.452507e+00    1.183917e-18
1.458973e+00    1.078518e-18
1.465467e+00    1.024616e-18
1.471989e+00    1.026989e-18
1.478541e+00    1.087169e-18
1.485122e+00    1.203876e-18
1.491733e+00    1.350599e-18
1.498372e+00    1.439313e-18
1.505042e+00    1.386379e-18
1.511741e+00    1.250359e-18
1.517676e+00    1.142916e-18
1.523635e+00    1.078656e-18
1.529617e+00    1.063499e-18
1.535622e+00    1.098624e-18
1.541651e+00    1.184895e-18
1.547704e+00    1.314737e-18
1.553780e+00    1.447291e-18
1.559880e+00    1.496651e-18
1.566005e+00    1.420420e-18
1.572153e+00    1.287505e-18
1.578325e+00    1.175177e-18
1.584522e+00    1.112849e-18
1.590743e+00    1.105828e-18
1.596989e+00    1.155415e-18
1.603258e+00    1.261850e-18
1.609553e+00    1.409913e-18
1.615872e+00    1.535192e-18
1.622216e+00    1.538294e-18
1.628585e+00    1.419743e-18
1.634979e+00    1.279451e-18
1.641398e+00    1.182573e-18
1.647843e+00    1.146045e-18
1.654312e+00    1.172190e-18
1.660807e+00    1.262344e-18
1.667328e+00    1.409125e-18
1.673874e+00    1.562207e-18
1.680446e+00    1.608887e-18
1.687043e+00    1.504485e-18
1.693667e+00    1.350189e-18
1.700316e+00    1.235448e-18
1.706288e+00    1.188530e-18
1.712280e+00    1.197106e-18
1.718294e+00    1.262386e-18
1.724328e+00    1.383156e-18
1.730384e+00    1.538499e-18
1.736462e+00    1.657038e-18
1.742560e+00    1.646400e-18
1.748680e+00    1.519767e-18
1.754821e+00    1.374738e-18
1.760984e+00    1.272699e-18
1.767169e+00    1.230195e-18
1.773375e+00    1.249515e-18
1.779603e+00    1.331958e-18
1.785853e+00    1.473390e-18
1.792125e+00    1.637937e-18
1.798419e+00    1.727470e-18
1.804735e+00    1.662162e-18
1.811074e+00    1.506908e-18
1.817434e+00    1.366468e-18
1.823817e+00    1.285238e-18
1.830222e+00    1.271470e-18
1.836650e+00    1.326632e-18
1.843100e+00    1.450918e-18
1.849573e+00    1.625204e-18
1.856069e+00    1.767744e-18
1.862588e+00    1.757955e-18
1.869129e+00    1.609759e-18
1.875693e+00    1.447779e-18
1.882281e+00    1.343391e-18
1.888892e+00    1.312649e-18
1.894893e+00    1.350012e-18
1.900913e+00    1.450292e-18
1.906952e+00    1.605634e-18
1.913010e+00    1.770675e-18
1.919088e+00    1.843106e-18
1.925184e+00    1.760549e-18
1.931301e+00    1.598399e-18
1.937437e+00    1.455072e-18
1.943592e+00    1.370967e-18
1.949766e+00    1.353723e-18
1.955961e+00    1.404633e-18
1.962176e+00    1.524276e-18
1.968409e+00    1.698574e-18
1.974663e+00    1.860890e-18
1.980937e+00    1.891250e-18
1.987231e+00    1.763653e-18
1.993544e+00    1.589835e-18
1.999877e+00    1.459391e-18
2.006230e+00    1.399266e-18
2.012605e+00    1.413138e-18
2.018999e+00    1.502417e-18
2.025413e+00    1.663010e-18
2.031847e+00    1.854024e-18
2.038303e+00    1.957932e-18
2.044779e+00    1.878165e-18
2.051274e+00    1.696104e-18
2.057791e+00    1.536546e-18
2.064330e+00    1.449025e-18
2.070888e+00    1.441784e-18
2.077467e+00    1.516385e-18
